0.01 -1.627 -1.703 0.955372871403406 0.305361956531137 124.686669090883
0.03 -4.849 -5.164 0.939000774593339 0.345252319317861 156.425218523827
0.08 -12.771 -14.157 0.902097902097902 0.442573866464051 249.028612329868
0.1 -15.91 -17.909 0.888380144061645 0.480848013752139 291.414483282429
0.12 -19.043 -21.767 0.874856434051546 0.519732684372881 337.787001331468
0.14 -22.179 -25.745 0.861487667508254 0.559117582008839 388.255550025286
0.16 -25.327 -29.864 0.848077953388695 0.599555770712149 443.65754041051
0.2 -31.693 -38.644 0.820127316012835 0.685838347260465 574.259137959314
0.25 -39.897 -51.16 0.779847537138389 0.812908146653759 797.118917619373
0.3 -48.601 -67.232 0.722884935744883 0.98862890843512 1164.41916531924
