0.01 -2.081 -1.273 1.63472113118617 0.21903530126438 57.2794887045012
0.03 -6.106 -3.9 1.56564102564103 0.180280015126446 38.5940455625267
0.08 -15.687 -10.998 1.42635024549918 0.0871619528781933 8.80526919325236
0.1 -19.44 -14.078 1.38087796562012 0.0520561770359691 3.08856923705585
0.12 -23.204 -17.32 1.33972286374134 0.0218928465602794 0.589999733016239
0.14 -27.014 -20.746 1.30213053118673 0.028508818727664 1.17782963960864
0.16 -30.907 -24.385 1.26745950379332 0.0605244629180456 4.78190939550023
0.2 -39.113 -32.46 1.20495995070856 0.130637323337874 21.1548960110521
0.25 -50.796 -44.746 1.13520761632325 0.223049047759792 60.3485658109515
0.3 -65.994 -61.838 1.06720786571364 0.323652983475673 125.29635732636
