2200 0.621399735639037 0.0231537904994755
2400 0.648569543301989 0.0226484968902909
2600 0.687219723376382 0.0259418515663707
2800 0.744409010222367 0.0157445571267681
3000 0.763280510321 0.0279311551055955
3200 0.846014213520226 0.0284391110794959
3400 0.848759378849058 0.0228653432137834
3600 0.899904775376687 0.0400296962798752
3800 0.954059232172835 0.0279300167868487
4000 0.948528644216035 0.036133573480383
4200 0.967520102218412 0.0353741176183353
4400 0.974270743175707 0.0311739688073808
4600 1.01772135716827 0.0238670290775404
4800 1.00466027229528 0.0307972471041456
5000 1.03399117591269 0.0375288210657313
